#1 [707, 777, 272, 275, 595,  25, 284, 535, 536, 608,  70, 770,  31, 697,
  16, 519, 756, 451, 677, 226, 404, 257, 116, 342, 130, 746, 221, 782,
 255,  32, 634, 628, 195, 720, 320,  88, 526,  84, 578, 217] 1, 0.3597000796580687

#2 [199, 122, 170, 555, 427, 630, 286, 740, 576, 479, 515, 170, 545, 657,
 364, 180,  38, 333, 457, 248, 491, 714,  12, 764, 458, 139, 267, 650,
 411, 538, 731, 490, 555, 710, 257,  35, 776, 365, 494,   1, 475, 419,
 106,  64,  12, 309, 637, 515, 687, 137,  83, 186, 285, 470,   5, 329,
  87, 608,  80, 653] 1 , 0.17791871074587107

#3 [65, 342,  64,   9, 356, 663,  33, 357, 487, 401, 622, 283, 615, 185,
 590, 262, 654, 545, 369,  43,  56, 573, 747, 375, 348, 662,  97, 262,
 407,  54, 572, 339, 155, 529,  81, 702, 403, 660, 135, 556, 290,  57,
 502, 534,   3, 766, 510, 239, 467, 535, 705, 550, 416, 663, 394, 457,
 138, 690, 297, 500, 326, 648, 604, 349, 287, 215, 658, 226, 161, 343,
 499, 610, 355, 250, 152, 285, 280, 579, 331,  57] 6, 0.2390772412181832

 #4 [196, 621,  41, 105, 619,  89,  51, 360, 226, 537, 720, 135, 506, 616,
 341, 540, 123, 572, 646, 314, 490, 756, 613, 382, 192, 371, 408, 238,
 470, 761, 322, 580, 734, 490, 773, 487, 628, 122,  81, 311,  73, 458,
 274, 378, 341,  60, 140, 706, 652,  82,  12, 698, 158, 482, 365, 559,
 415,  32, 327, 131, 258, 528, 655, 617, 489,  94, 374, 247, 729, 207,
   0, 224, 182, 395, 707, 325, 632, 290, 615, 680, 673, 242, 633, 553,
 205, 171,  97, 383, 759, 339] 3, 0.22798541758675128

 #5 [685,  14, 439, 388, 619, 502, 104, 517, 552, 108, 698, 165, 468,  74,
 595, 728, 415,  64, 455, 598, 309, 652, 153, 394,   3, 146, 165, 285,
 398, 362, 245, 456,  71, 117, 396, 478, 330, 684, 674, 212, 694, 668,
 535, 357, 391, 466, 134, 269, 698,  76, 689,   1, 152,  71, 349, 699,
 762, 131, 672, 634, 173, 637, 697, 325, 421, 700, 756, 432, 200, 317,
 411,  84, 312, 771, 392, 689, 119, 471, 709, 607, 734, 456, 688, 538,
 567, 239, 222,  58,  59, 474, 722, 733, 302, 677, 781, 461, 684, 321,
 134,   0, 642,  67, 190, 465, 569, 173, 619, 218, 242,  30, 528, 233,
  75,  58, 477, 225, 245, 102,  19, 336, 583, 605, 550, 235, 136, 588,
 297, 500, 319, 543,  30, 643, 134, 589, 502, 349, 593, 521, 604, 686,
 172, 116,  54, 454, 427, 650,  16, 103, 153, 493] 3, 0.21366864332230762

 #6 [  0, 592, 272, 750, 345, 196, 696, 722, 180, 512, 514, 169, 486, 396,
 150, 550, 204, 614, 209,  42, 351,  96, 382, 473, 479,  86, 131, 216,
 605, 239,  11, 691, 726, 328, 668, 157, 737, 282, 250, 770, 108, 761,
 579, 469, 293, 391, 679, 568, 175, 250, 669, 253, 581, 180, 465, 477,
  99, 670, 648, 587, 205, 463, 253, 150, 482, 660, 684, 648, 106, 169,
 376, 190, 382, 319, 352, 442, 346, 553, 365, 327, 158, 186, 317, 566,
 518, 114, 339, 615, 486, 499, 342, 382, 600, 617, 606, 726,  45, 164,
   3, 270] 3, 0.2251714679878205

 #7 [407,  91, 505, 450, 219, 773, 579, 209, 136, 707,  80,  15,  71, 138,
 101, 433, 123, 331, 296, 114, 621, 552, 189, 318, 128, 534, 176, 542,
 499, 351, 175, 363, 321,  14, 444, 689, 493, 231, 411, 199, 651, 147,
  97, 142, 525,  12, 430, 199, 370, 159, 102, 642, 646, 339, 159, 106,
 508, 589, 150, 269, 387, 675,  92, 226, 296, 581, 476,  39, 177, 587,
   9, 616,  89, 520, 692, 373,  50, 382, 123, 307, 661, 344, 325, 277,
 680, 749, 549, 227,  52, 681,  90, 647, 264, 137, 716, 765, 434, 380,
 148, 277] 9, 0.2851034826016985

 #8 [155, 506, 129, 417, 651, 732, 549, 767, 235, 514, 627, 510, 374,  92,
  28,  33, 599, 434, 591, 219, 687, 288, 261, 113, 222, 595, 147, 608,
 571, 333,  78, 564, 294, 740, 237, 485,  69, 598, 728, 655, 538, 682,
 492, 240, 321, 235,  71, 657,  89, 301, 178, 427, 299, 703, 701,  42,
 293, 423,  20, 246, 249,  69, 661, 257, 307,  37, 355, 325, 566, 781,
 394, 217, 257, 130, 264, 667, 776, 686, 234,  48,  78, 705, 193, 540,
 146,  28, 197, 267, 673, 152] 9 , 0.20962902047904208